generating_institute     gfz-potsdam
     generating_date     2017/04/04
        product_type     gravity_field
                body     earth
           modelname     eigen-6c4
     max_used_degree          2190
         tide_system     tide_free
          functional     gravity_anomaly
    zero_degree_term     included
                unit     mgal
          refsysname     WGS84
            gmrefpot      3.98600441800E+14 m**3/s**2
        radiusrefpot     6378137.000 m
          flatrefpot      3.352810664747480E-03   (1/298.25722356300)
         omegarefpot      7.29211500000E-05 1/s
    normal_potential      6.263685171456948E+07 m**2/s**2
       long_lat_unit     degree
      latlimit_north       0.0000000000000    
      latlimit_south      -15.000000000000    
      longlimit_west       310.00000000000    
      longlimit_east       320.00000000000    
            gridstep       1.0000000000000    
  latitude_parallels            16
 longitude_parallels            11
number_of_gridpoints           176
            gapvalue            999.0000
       weighted_mean     -1.3322483E+01 mgal
            maxvalue      7.1444573E+01 mgal
            minvalue     -6.3119477E+01 mgal
         signal_wrms      2.4531519E+01 mgal
         grid_format     long_lat_height_value
 
          longitude    latitude  h_over_geoid  gravity_anomaly
            [deg.]      [deg.]     [meter]         [mgal]
end_of_head ======================================================
           310.0000      0.0000       7.00       -0.506098380626
           311.0000      0.0000       0.00      -20.421440164142
           312.0000      0.0000       0.00      -34.285991769600
           313.0000      0.0000       0.00      -22.514848140709
           314.0000      0.0000       0.00       -8.377411569960
           315.0000      0.0000       0.00        4.999507716796
           316.0000      0.0000       0.00      -55.903440771488
           317.0000      0.0000       0.00      -40.705486793335
           318.0000      0.0000       0.00      -44.796059823327
           319.0000      0.0000       0.00      -34.273752850567
           320.0000      0.0000       0.00      -10.782217395899
           310.0000     -1.0000      19.00      -17.456826267548
           311.0000     -1.0000       4.00        0.341122264480
           312.0000     -1.0000      26.00      -18.812971043403
           313.0000     -1.0000       9.00       -7.484221037402
           314.0000     -1.0000       0.00       17.294904332665
           315.0000     -1.0000       0.00       34.303199186780
           316.0000     -1.0000       0.00      -19.674622590138
           317.0000     -1.0000       0.00      -26.856574608303
           318.0000     -1.0000       0.00      -41.386134893351
           319.0000     -1.0000       0.00      -17.330182402198
           320.0000     -1.0000       0.00      -20.640342586375
           310.0000     -2.0000      23.00       21.218000793510
           311.0000     -2.0000      18.00      -13.703568115275
           312.0000     -2.0000      42.00      -23.097312559983
           313.0000     -2.0000      58.00       10.754493920118
           314.0000     -2.0000      39.00      -27.098615227139
           315.0000     -2.0000      39.00      -52.676848200761
           316.0000     -2.0000       0.00       20.269703432874
           317.0000     -2.0000       0.00       53.953897996628
           318.0000     -2.0000       0.00       15.528492926542
           319.0000     -2.0000       0.00       71.444573361390
           320.0000     -2.0000       0.00      -42.324953094841
           310.0000     -3.0000      64.00        4.404624132803
           311.0000     -3.0000      52.00       12.278641739805
           312.0000     -3.0000      77.00      -30.329857319700
           313.0000     -3.0000      88.00      -34.495146128144
           314.0000     -3.0000      71.00      -24.856369520876
           315.0000     -3.0000      14.00      -39.530417100586
           316.0000     -3.0000      57.00       -0.087920739311
           317.0000     -3.0000      54.00      -20.575428181324
           318.0000     -3.0000      40.00      -14.977004019023
           319.0000     -3.0000      16.00       -2.052457783819
           320.0000     -3.0000      38.00       21.918125512244
           310.0000     -4.0000     106.00      -15.490917319561
           311.0000     -4.0000     122.00      -56.345998760676
           312.0000     -4.0000     129.00       -8.504437251311
           313.0000     -4.0000     187.00      -21.183457860907
           314.0000     -4.0000     210.00      -45.810137770630
           315.0000     -4.0000      14.00      -40.692388234298
           316.0000     -4.0000      89.00      -24.607368064444
           317.0000     -4.0000     104.00       -5.768994888733
           318.0000     -4.0000      68.00      -21.318572097861
           319.0000     -4.0000     776.00       53.033840440264
           320.0000     -4.0000     180.00      -17.084249630450
           310.0000     -5.0000     164.00       10.143842422394
           311.0000     -5.0000     159.00      -41.153475022249
           312.0000     -5.0000     330.00       -3.867170571326
           313.0000     -5.0000     260.00      -27.445076245591
           314.0000     -5.0000     189.00      -35.035777586323
           315.0000     -5.0000     121.00      -49.290835872640
           316.0000     -5.0000     170.00      -32.751852315194
           317.0000     -5.0000     104.00      -25.777989916875
           318.0000     -5.0000     150.00      -27.670261894563
           319.0000     -5.0000     530.00        3.807924412236
           320.0000     -5.0000     425.00       11.887574688707
           310.0000     -6.0000     201.00       27.746159828723
           311.0000     -6.0000     133.00      -36.495354300392
           312.0000     -6.0000     217.00      -11.224374167007
           313.0000     -6.0000     220.00      -40.771261969041
           314.0000     -6.0000     208.00      -35.772836313086
           315.0000     -6.0000     282.00      -26.557243894842
           316.0000     -6.0000     248.00      -17.905807444052
           317.0000     -6.0000     174.00      -23.905379318911
           318.0000     -6.0000     155.00      -22.923772610639
           319.0000     -6.0000     763.00       30.839691281237
           320.0000     -6.0000     498.00       19.971254921280
           310.0000     -7.0000     261.00        0.843705915798
           311.0000     -7.0000     198.00      -56.191609558809
           312.0000     -7.0000     280.00      -25.331096042613
           313.0000     -7.0000     278.00      -36.588753077638
           314.0000     -7.0000     466.00      -24.750647819793
           315.0000     -7.0000     259.00      -32.511271955826
           316.0000     -7.0000     258.00      -29.608299337625
           317.0000     -7.0000     259.00      -25.501142554596
           318.0000     -7.0000     239.00      -42.165310315134
           319.0000     -7.0000     284.00        3.223358632987
           320.0000     -7.0000     478.00        9.739859142677
           310.0000     -8.0000     195.00      -38.277820077681
           311.0000     -8.0000     191.00      -61.870594557334
           312.0000     -8.0000     170.00      -18.807180920000
           313.0000     -8.0000     375.00      -22.220396567540
           314.0000     -8.0000     405.00      -18.148343780489
           315.0000     -8.0000     373.00      -25.256140700058
           316.0000     -8.0000     380.00      -24.486424531034
           317.0000     -8.0000     343.00      -15.770412032445
           318.0000     -8.0000     314.00      -16.214723515695
           319.0000     -8.0000     372.00       20.705432447699
           320.0000     -8.0000     424.00        4.906243328584
           310.0000     -9.0000     194.00      -32.405115924483
           311.0000     -9.0000     225.00      -29.278530614540
           312.0000     -9.0000     297.00       -0.080694015381
           313.0000     -9.0000     525.00       -2.329922225819
           314.0000     -9.0000     291.00      -44.173275468928
           315.0000     -9.0000     389.00      -35.373921852155
           316.0000     -9.0000     486.00       12.210274845792
           317.0000     -9.0000     623.00       45.688812799050
           318.0000     -9.0000     379.00        4.740906492273
           319.0000     -9.0000     428.00       -8.927600345032
           320.0000     -9.0000     373.00      -12.652583129302
           310.0000    -10.0000     171.00      -31.383259437945
           311.0000    -10.0000     276.00       -7.251320903734
           312.0000    -10.0000     318.00       -3.360689093235
           313.0000    -10.0000     280.00      -26.158160307688
           314.0000    -10.0000     521.00       -8.635437961146
           315.0000    -10.0000     430.00        8.819317208797
           316.0000    -10.0000     389.00       19.194288575797
           317.0000    -10.0000     421.00      -37.406919685168
           318.0000    -10.0000     621.00      -12.157506411192
           319.0000    -10.0000     754.00       15.923309140398
           320.0000    -10.0000     461.00       -1.486682879381
           310.0000    -11.0000     184.00      -47.013755873593
           311.0000    -11.0000     277.00      -22.095688394685
           312.0000    -11.0000     306.00       -0.352523275815
           313.0000    -11.0000     465.00      -12.947774240502
           314.0000    -11.0000     678.00       17.311584722535
           315.0000    -11.0000     532.00      -31.001850451418
           316.0000    -11.0000     698.00      -23.635127316091
           317.0000    -11.0000     403.00      -36.517088570065
           318.0000    -11.0000     551.00      -42.391147416154
           319.0000    -11.0000     586.00       -7.955691977024
           320.0000    -11.0000     350.00       -6.019361548582
           310.0000    -12.0000     197.00      -47.890294322528
           311.0000    -12.0000     264.00       12.837220705109
           312.0000    -12.0000     386.00       -2.334967079776
           313.0000    -12.0000     375.00      -54.463416393880
           314.0000    -12.0000     807.00       -7.758637941357
           315.0000    -12.0000     457.00      -15.545923210603
           316.0000    -12.0000     716.00      -21.837467263630
           317.0000    -12.0000     445.00      -24.279769851709
           318.0000    -12.0000     833.00       -6.822699788955
           319.0000    -12.0000     640.00       -3.828555312779
           320.0000    -12.0000     307.00       -5.183241039219
           310.0000    -13.0000     270.00      -27.000847130942
           311.0000    -13.0000     409.00       17.606493546651
           312.0000    -13.0000     743.00        7.878408476536
           313.0000    -13.0000     584.00      -47.244354324860
           314.0000    -13.0000     841.00       12.420509204603
           315.0000    -13.0000     752.00       17.734134537761
           316.0000    -13.0000     522.00      -15.306565829398
           317.0000    -13.0000     883.00      -33.952210593391
           318.0000    -13.0000    1263.00       50.899182885900
           319.0000    -13.0000     604.00      -18.190853205624
           320.0000    -13.0000     538.00       15.932205867131
           310.0000    -14.0000     297.00        8.201276074082
           311.0000    -14.0000     534.00       15.220923612169
           312.0000    -14.0000     504.00      -47.816505491483
           313.0000    -14.0000     470.00      -52.654816121844
           314.0000    -14.0000     931.00       13.906072221381
           315.0000    -14.0000     677.00        2.958833115585
           316.0000    -14.0000     472.00      -10.847008604919
           317.0000    -14.0000     493.00       -9.347138839111
           318.0000    -14.0000     509.00      -63.119476665996
           319.0000    -14.0000     279.00      -40.344347464405
           320.0000    -14.0000     690.00        8.588465245474
           310.0000    -15.0000     561.00        1.896190348027
           311.0000    -15.0000    1079.00       16.001998159609
           312.0000    -15.0000     894.00      -35.771849830724
           313.0000    -15.0000     524.00      -43.985599780427
           314.0000    -15.0000     846.00       -3.185663745420
           315.0000    -15.0000     737.00        7.555383823998
           316.0000    -15.0000     447.00      -17.787299840677
           317.0000    -15.0000     898.00       17.898084000301
           318.0000    -15.0000     728.00      -16.676275831529
           319.0000    -15.0000     832.00       29.860370699097
           320.0000    -15.0000     410.00      -15.090732623513