generating_institute     gfz-potsdam
     generating_date     2017/04/04
        product_type     gravity_field
                body     earth
           modelname     eigen-6c4
     max_used_degree          2190
         tide_system     tide_free
          functional     gravity_disturbance
    zero_degree_term     included
                unit     mgal
          refsysname     WGS84
            gmrefpot      3.98600441800E+14 m**3/s**2
        radiusrefpot     6378137.000 m
          flatrefpot      3.352810664747480E-03   (1/298.25722356300)
         omegarefpot      7.29211500000E-05 1/s
    normal_potential      6.263685171456948E+07 m**2/s**2
       long_lat_unit     degree
      latlimit_north       0.0000000000000    
      latlimit_south      -15.000000000000    
      longlimit_west       310.00000000000    
      longlimit_east       320.00000000000    
            gridstep       1.0000000000000    
  latitude_parallels            16
 longitude_parallels            11
number_of_gridpoints           176
            gapvalue            999.0000
       weighted_mean     -1.9024133E+01 mgal
            maxvalue      6.6592769E+01 mgal
            minvalue     -6.9066632E+01 mgal
         signal_wrms      2.5235968E+01 mgal
         grid_format     long_lat_height_value
 
          longitude    latitude  h_over_geoid  gravity_disturbance
            [deg.]      [deg.]     [meter]         [mgal]
end_of_head ======================================================
           310.0000      0.0000       7.00       -8.347037559986
           311.0000      0.0000       0.00      -28.569230402731
           312.0000      0.0000       0.00      -42.427616721419
           313.0000      0.0000       0.00      -30.421834042649
           314.0000      0.0000       0.00      -15.874181463182
           315.0000      0.0000       0.00       -2.068920706577
           316.0000      0.0000       0.00      -63.534949474686
           317.0000      0.0000       0.00      -48.292526948757
           318.0000      0.0000       0.00      -51.850581738577
           319.0000      0.0000       0.00      -40.492310511553
           320.0000      0.0000       0.00      -16.406714355988
           310.0000     -1.0000      19.00      -25.150531751983
           311.0000     -1.0000       4.00       -7.404852604687
           312.0000     -1.0000      26.00      -26.631548667133
           313.0000     -1.0000       9.00      -15.157280006051
           314.0000     -1.0000       0.00       10.123001915296
           315.0000     -1.0000       0.00       27.608116564615
           316.0000     -1.0000       0.00      -26.503601436900
           317.0000     -1.0000       0.00      -33.797648434764
           318.0000     -1.0000       0.00      -48.094290942480
           319.0000     -1.0000       0.00      -23.313527578317
           320.0000     -1.0000       0.00      -26.042582143582
           310.0000     -2.0000      23.00       14.109791938033
           311.0000     -2.0000      18.00      -21.334835477660
           312.0000     -2.0000      42.00      -30.947928298986
           313.0000     -2.0000      58.00        3.342746633983
           314.0000     -2.0000      39.00      -34.928796599942
           315.0000     -2.0000      39.00      -60.718239541124
           316.0000     -2.0000       0.00       13.529370679954
           317.0000     -2.0000       0.00       47.897072739644
           318.0000     -2.0000       0.00        9.765955219443
           319.0000     -2.0000       0.00       66.592768691187
           320.0000     -2.0000       0.00      -47.208038222202
           310.0000     -3.0000      64.00       -2.611542739395
           311.0000     -3.0000      52.00        4.877497649858
           312.0000     -3.0000      77.00      -38.294480970613
           313.0000     -3.0000      88.00      -42.556470677368
           314.0000     -3.0000      71.00      -33.087633313400
           315.0000     -3.0000      14.00      -47.884510393459
           316.0000     -3.0000      57.00       -7.316727120354
           317.0000     -3.0000      54.00      -27.336974352110
           318.0000     -3.0000      40.00      -21.101928658140
           319.0000     -3.0000      16.00       -6.888016719664
           320.0000     -3.0000      38.00       18.001516929367
           310.0000     -4.0000     106.00      -22.694184559668
           311.0000     -4.0000     122.00      -64.177177256219
           312.0000     -4.0000     129.00      -16.012364439710
           313.0000     -4.0000     187.00      -29.245311233161
           314.0000     -4.0000     210.00      -54.330972877814
           315.0000     -4.0000      14.00      -49.008903271641
           316.0000     -4.0000      89.00      -32.055001518927
           317.0000     -4.0000     104.00      -12.376509351242
           318.0000     -4.0000      68.00      -27.229164934361
           319.0000     -4.0000     776.00       48.684612866978
           320.0000     -4.0000     180.00      -21.125438904690
           310.0000     -5.0000     164.00        3.715828025008
           311.0000     -5.0000     159.00      -48.567740509320
           312.0000     -5.0000     330.00      -11.196613648501
           313.0000     -5.0000     260.00      -35.320775209335
           314.0000     -5.0000     189.00      -43.097628484823
           315.0000     -5.0000     121.00      -57.254644837279
           316.0000     -5.0000     170.00      -40.136464158991
           317.0000     -5.0000     104.00      -32.473268509925
           318.0000     -5.0000     150.00      -33.514919043220
           319.0000     -5.0000     530.00       -0.739404334738
           320.0000     -5.0000     425.00        8.317332010677
           310.0000     -6.0000     201.00       21.868609869635
           311.0000     -6.0000     133.00      -43.678986746443
           312.0000     -6.0000     217.00      -18.483549967563
           313.0000     -6.0000     220.00      -48.512679809321
           314.0000     -6.0000     208.00      -43.544010674346
           315.0000     -6.0000     282.00      -33.951363839968
           316.0000     -6.0000     248.00      -24.831288558147
           317.0000     -6.0000     174.00      -30.309444412424
           318.0000     -6.0000     155.00      -28.497008977979
           319.0000     -6.0000     763.00       26.727722931952
           320.0000     -6.0000     498.00       16.647906723399
           310.0000     -7.0000     261.00       -5.286746774580
           311.0000     -7.0000     198.00      -63.530269153667
           312.0000     -7.0000     280.00      -32.481183176536
           313.0000     -7.0000     278.00      -43.980907271468
           314.0000     -7.0000     466.00      -32.077689465027
           315.0000     -7.0000     259.00      -39.524543076119
           316.0000     -7.0000     258.00      -36.300096717845
           317.0000     -7.0000     259.00      -31.713464421657
           318.0000     -7.0000     239.00      -47.580020729754
           319.0000     -7.0000     284.00       -0.678833011314
           320.0000     -7.0000     478.00        6.605544911586
           310.0000     -8.0000     195.00      -44.604688703487
           311.0000     -8.0000     191.00      -69.066631936820
           312.0000     -8.0000     170.00      -25.515322919212
           313.0000     -8.0000     375.00      -29.104930331236
           314.0000     -8.0000     405.00      -24.970433282689
           315.0000     -8.0000     373.00      -31.824805427405
           316.0000     -8.0000     380.00      -30.618633265789
           317.0000     -8.0000     343.00      -21.235225164773
           318.0000     -8.0000     314.00      -20.936966130769
           319.0000     -8.0000     372.00       17.074813910334
           320.0000     -8.0000     424.00        1.678541793204
           310.0000     -9.0000     194.00      -38.426925101298
           311.0000     -9.0000     225.00      -35.640251318014
           312.0000     -9.0000     297.00       -6.124912478356
           313.0000     -9.0000     525.00       -8.585452935961
           314.0000     -9.0000     291.00      -50.550713496911
           315.0000     -9.0000     389.00      -41.281164554974
           316.0000     -9.0000     486.00        7.158336710056
           317.0000     -9.0000     623.00       41.297111770966
           318.0000     -9.0000     379.00        0.426769579853
           319.0000     -9.0000     428.00      -12.947662838236
           320.0000     -9.0000     373.00      -16.311583138062
           310.0000    -10.0000     171.00      -37.107767530031
           311.0000    -10.0000     276.00      -12.914641474815
           312.0000    -10.0000     318.00       -8.804211961255
           313.0000    -10.0000     280.00      -32.011393817477
           314.0000    -10.0000     521.00      -14.042107589063
           315.0000    -10.0000     430.00        3.957809632382
           316.0000    -10.0000     389.00       14.779092301787
           317.0000    -10.0000     421.00      -42.510267070206
           318.0000    -10.0000     621.00      -16.907469886185
           319.0000    -10.0000     754.00       12.038748741539
           320.0000    -10.0000     461.00       -5.134766553816
           310.0000    -11.0000     184.00      -52.701446858272
           311.0000    -11.0000     277.00      -27.370161519968
           312.0000    -11.0000     306.00       -5.282381063765
           313.0000    -11.0000     465.00      -18.135078303771
           314.0000    -11.0000     678.00       12.600774339333
           315.0000    -11.0000     532.00      -36.116149994925
           316.0000    -11.0000     698.00      -28.794617649908
           317.0000    -11.0000     403.00      -41.579943047410
           318.0000    -11.0000     551.00      -47.051576511237
           319.0000    -11.0000     586.00      -11.704315619099
           320.0000    -11.0000     350.00       -9.677693245180
           310.0000    -12.0000     197.00      -53.091839834174
           311.0000    -12.0000     264.00        8.383338366436
           312.0000    -12.0000     386.00       -7.129581682719
           313.0000    -12.0000     375.00      -59.906886132666
           314.0000    -12.0000     807.00      -12.502267760439
           315.0000    -12.0000     457.00      -20.279071051910
           316.0000    -12.0000     716.00      -26.750773486306
           317.0000    -12.0000     445.00      -29.066709131875
           318.0000    -12.0000     833.00      -10.812068542165
           319.0000    -12.0000     640.00       -7.384415932599
           320.0000    -12.0000     307.00       -8.755929519921
           310.0000    -13.0000     270.00      -31.075204920228
           311.0000    -13.0000     409.00       13.800487983140
           312.0000    -13.0000     743.00        3.261243488240
           313.0000    -13.0000     584.00      -52.615727510030
           314.0000    -13.0000     841.00        8.287618632075
           315.0000    -13.0000     752.00       13.964725481230
           316.0000    -13.0000     522.00      -19.530211791086
           317.0000    -13.0000     883.00      -38.748278835854
           318.0000    -13.0000    1263.00       47.313203702615
           319.0000    -13.0000     604.00      -21.831328329647
           320.0000    -13.0000     538.00       12.739639782744
           310.0000    -14.0000     297.00        5.063174801734
           311.0000    -14.0000     534.00       11.670364435368
           312.0000    -14.0000     504.00      -52.452491551058
           313.0000    -14.0000     470.00      -57.586048589897
           314.0000    -14.0000     931.00       10.024098304129
           315.0000    -14.0000     677.00       -0.668589240505
           316.0000    -14.0000     472.00      -14.731389341627
           317.0000    -14.0000     493.00      -13.385507819130
           318.0000    -14.0000     509.00      -67.350184627735
           319.0000    -14.0000     279.00      -44.031656579513
           320.0000    -14.0000     690.00        5.662789030758
           310.0000    -15.0000     561.00       -0.947472550727
           311.0000    -15.0000    1079.00       12.345207497511
           312.0000    -15.0000     894.00      -40.093297232602
           313.0000    -15.0000     524.00      -48.506364324119
           314.0000    -15.0000     846.00       -7.029164346228
           315.0000    -15.0000     737.00        3.950933876062
           316.0000    -15.0000     447.00      -21.691219464159
           317.0000    -15.0000     898.00       14.207468373684
           318.0000    -15.0000     728.00      -20.049004808875
           319.0000    -15.0000     832.00       27.042665285570
           320.0000    -15.0000     410.00      -18.133184782521